INSERT INTO `lots_table` (`id`, `number`, `area`, `price_18_15`, `price_18_25`, `price_18_30`, `price_24_15`, `price_24_25`, `price_24_30`, `available`) VALUES
	(1, '1', '325.05', 1137675.00, 1186432.50, 1231939.50, 1186432.50, 1231939.50, 1296949.50, 3),
	(2, '2', '323.21', 1131235.00, 1179716.50, 1224965.88, 1179716.50, 1224965.88, 1289607.88, 3),
	(3, '3', '321.44', 1125040.00, 1173256.00, 1218257.62, 1173256.00, 1218257.62, 1282545.62, 3),
	(4, '4', '319.68', 1118880.00, 1166832.00, 1211587.25, 1166832.00, 1211587.25, 1275523.25, 3),
	(5, '5', '317.92', 1112720.00, 1160408.00, 1204916.75, 1160408.00, 1204916.75, 1268500.75, 1),
	(6, '6', '316.15', 1106525.00, 1153947.50, 1198208.50, 1153947.50, 1198208.50, 1261438.50, 1),
	(7, '7', '314.39', 1100365.00, 1147523.50, 1191538.12, 1147523.50, 1191538.12, 1254416.12, 1),
	(8, '8', '312.62', 1094170.00, 1141063.00, 1184829.75, 1141063.00, 1184829.75, 1247353.75, 1),
	(9, '9', '310.86', 1088010.00, 1134639.00, 1178159.38, 1134639.00, 1178159.38, 1240331.38, 1),
	(10, '10', '309.09', 1081815.00, 1128178.50, 1171451.12, 1128178.50, 1171451.12, 1233269.12, 1),
	(11, '11', '307.33', 1075655.00, 1121754.50, 1164780.75, 1121754.50, 1164780.75, 1226246.75, 1),
	(12, '12', '305.57', 1069495.00, 1115330.50, 1158110.25, 1115330.50, 1158110.25, 1219224.25, 1),
	(13, '13', '303.80', 1063300.00, 1108870.00, 1151402.00, 1108870.00, 1151402.00, 1212162.00, 1),
	(14, '14', '302.04', 1057140.00, 1102446.00, 1144731.62, 1102446.00, 1144731.62, 1205139.62, 1),
	(15, '15', '300.23', 1050805.00, 1095839.50, 1137871.75, 1095839.50, 1137871.75, 1197917.75, 1),
	(16, '16', '319.68', 1118880.00, 1166832.00, 1211587.25, 1166832.00, 1211587.25, 1275523.25, 3),
	(17, '17', '315.98', 1105930.00, 1153327.00, 1197564.25, 1153327.00, 1197564.25, 1260760.25, 3),
	(18, '18', '279.87', 979545.00, 1021525.50, 1060707.25, 1021525.50, 1060707.25, 1116681.25, 1),
	(19, '19', '280.02', 980070.00, 1022073.00, 1061275.75, 1022073.00, 1061275.75, 1117279.75, 1),
	(20, '20', '279.92', 979720.00, 1021708.00, 1060896.75, 1021708.00, 1060896.75, 1116880.75, 1),
	(21, '21', '279.94', 979790.00, 1021781.00, 1060972.62, 1021781.00, 1060972.62, 1116960.62, 1),
	(22, '22', '280.08', 980280.00, 1022292.00, 1061503.25, 1022292.00, 1061503.25, 1117519.25, 1),
	(23, '23', '280.11', 980385.00, 1022401.50, 1061616.88, 1022401.50, 1061616.88, 1117638.88, 1),
	(24, '24', '280.20', 980700.00, 1022730.00, 1061958.00, 1022730.00, 1061958.00, 1117998.00, 1),
	(25, '25', '280.13', 980455.00, 1022474.50, 1061692.75, 1022474.50, 1061692.75, 1117718.75, 1),
	(26, '26', '280.14', 980490.00, 1022511.00, 1061730.62, 1022511.00, 1061730.62, 1117758.62, 1),
	(27, '27', '280.20', 980700.00, 1022730.00, 1061958.00, 1022730.00, 1061958.00, 1117998.00, 1),
	(28, '28', '280.12', 980420.00, 1022438.00, 1061654.75, 1022438.00, 1061654.75, 1117678.75, 1),
	(29, '29', '280.17', 980595.00, 1022620.50, 1061844.25, 1022620.50, 1061844.25, 1117878.25, 1),
	(30, '30', '280.17', 980595.00, 1022620.50, 1061844.25, 1022620.50, 1061844.25, 1117878.25, 1),
	(31, '31', '280.20', 980700.00, 1022730.00, 1061958.00, 1022730.00, 1061958.00, 1117998.00, 1),
	(32, '32', '279.66', 978810.00, 1020759.00, 1059911.38, 1020759.00, 1059911.38, 1115843.38, 1),
	(33, '33', '242.64', 849240.00, 885636.00, 919605.62, 885636.00, 919605.62, 968133.62, 1),
	(34, '34', '278.27', 973945.00, 1015685.50, 1054643.25, 1015685.50, 1054643.25, 1110297.25, 1),
	(35, '35', '280.23', 980805.00, 1022839.50, 1062071.75, 1022839.50, 1062071.75, 1118117.75, 1),
	(36, '36', '280.26', 980910.00, 1022949.00, 1062185.38, 1022949.00, 1062185.38, 1118237.38, 1),
	(37, '37', '280.24', 980840.00, 1022876.00, 1062109.62, 1022876.00, 1062109.62, 1118157.62, 1),
	(38, '38', '280.25', 980875.00, 1022912.50, 1062147.50, 1022912.50, 1062147.50, 1118197.50, 1),
	(39, '39', '280.27', 980945.00, 1022985.50, 1062223.25, 1022985.50, 1062223.25, 1118277.25, 1),
	(40, '40', '280.26', 980910.00, 1022949.00, 1062185.38, 1022949.00, 1062185.38, 1118237.38, 1),
	(41, '41', '280.29', 981015.00, 1023058.50, 1062299.12, 1023058.50, 1062299.12, 1118357.12, 1),
	(42, '42', '280.32', 981120.00, 1023168.00, 1062412.75, 1023168.00, 1062412.75, 1118476.75, 1),
	(43, '43', '280.33', 981155.00, 1023204.50, 1062450.75, 1023204.50, 1062450.75, 1118516.75, 1),
	(44, '44', '280.20', 980700.00, 1022730.00, 1061958.00, 1022730.00, 1061958.00, 1117998.00, 1),
	(45, '45', '280.30', 981050.00, 1023095.00, 1062337.00, 1023095.00, 1062337.00, 1118397.00, 1),
	(46, '46', '280.08', 980280.00, 1022292.00, 1061503.25, 1022292.00, 1061503.25, 1117519.25, 1),
	(47, '47', '279.93', 979755.00, 1021744.50, 1060934.75, 1021744.50, 1060934.75, 1116920.75, 1),
	(48, '48', '312.57', 1093995.00, 1140880.50, 1184640.25, 1140880.50, 1184640.25, 1247154.25, 3),
	(49, '49', '311.02', 1088570.00, 1135223.00, 1178765.75, 1135223.00, 1178765.75, 1240969.75, 3),
	(50, '50', '283.02', 990570.00, 1033023.00, 1072645.75, 1033023.00, 1072645.75, 1129249.75, 1),
	(51, '51', '281.03', 983605.00, 1025759.50, 1065103.75, 1025759.50, 1065103.75, 1121309.75, 1),
	(52, '52', '279.04', 976640.00, 1018496.00, 1057561.62, 1018496.00, 1057561.62, 1113369.62, 1),
	(53, '53', '277.04', 969640.00, 1011196.00, 1049981.62, 1011196.00, 1049981.62, 1105389.62, 1),
	(54, '54', '275.05', 962675.00, 1003932.50, 1042439.50, 1003932.50, 1042439.50, 1097449.50, 2),
	(55, '55', '273.06', 955710.00, 996669.00, 1034897.38, 996669.00, 1034897.38, 1089509.38, 1),
	(56, '56', '271.01', 948535.00, 989186.50, 1027127.88, 989186.50, 1027127.88, 1081329.88, 1),
	(57, '57', '269.08', 941780.00, 982142.00, 1019813.19, 982142.00, 1019813.19, 1073629.25, 1),
	(58, '58', '267.09', 934815.00, 974878.50, 1012271.12, 974878.50, 1012271.12, 1065689.12, 1),
	(59, '59', '265.10', 927850.00, 967615.00, 1004729.00, 967615.00, 1004729.00, 1057749.00, 1),
	(60, '60', '263.11', 920885.00, 960351.50, 997186.88, 960351.50, 997186.88, 1049808.88, 1),
	(61, '61', '261.12', 913920.00, 953088.00, 989644.81, 953088.00, 989644.81, 1041868.81, 1),
	(62, '62', '259.13', 906955.00, 945824.50, 982102.69, 945824.50, 982102.69, 1033928.69, 1),
	(63, '63', '257.14', 899990.00, 938561.00, 974560.62, 938561.00, 974560.62, 1025988.62, 1),
	(64, '64', '255.15', 893025.00, 931297.50, 967018.50, 931297.50, 967018.50, 1018048.50, 1),
	(65, '65', '253.16', 886060.00, 924034.00, 959476.38, 924034.00, 959476.38, 1010108.38, 1),
	(66, '66', '273.90', 958650.00, 999735.00, 1038081.00, 999735.00, 1038081.00, 1092861.00, 2),
	(67, '67', '284.51', 995785.00, 1038461.50, 1078292.88, 1038461.50, 1078292.88, 1135194.88, 3),
	(68, '68', '271.97', 951895.00, 992690.50, 1030766.31, 992690.50, 1030766.31, 1085160.25, 3),
	(69, '69', '275.00', 962500.00, 1003750.00, 1042250.00, 1003750.00, 1042250.00, 1097250.00, 1),
	(70, '70', '275.00', 962500.00, 1003750.00, 1042250.00, 1003750.00, 1042250.00, 1097250.00, 1),
	(71, '71', '275.00', 962500.00, 1003750.00, 1042250.00, 1003750.00, 1042250.00, 1097250.00, 1),
	(72, '72', '275.00', 962500.00, 1003750.00, 1042250.00, 1003750.00, 1042250.00, 1097250.00, 1),
	(73, '73', '275.00', 962500.00, 1003750.00, 1042250.00, 1003750.00, 1042250.00, 1097250.00, 1),
	(74, '74', '275.00', 962500.00, 1003750.00, 1042250.00, 1003750.00, 1042250.00, 1097250.00, 1),
	(75, '75', '275.00', 962500.00, 1003750.00, 1042250.00, 1003750.00, 1042250.00, 1097250.00, 1),
	(76, '76', '275.00', 962500.00, 1003750.00, 1042250.00, 1003750.00, 1042250.00, 1097250.00, 2),
	(77, '77', '275.00', 962500.00, 1003750.00, 1042250.00, 1003750.00, 1042250.00, 1097250.00, 2),
	(78, '78', '275.00', 962500.00, 1003750.00, 1042250.00, 1003750.00, 1042250.00, 1097250.00, 2),
	(79, '79', '275.00', 962500.00, 1003750.00, 1042250.00, 1003750.00, 1042250.00, 1097250.00, 2),
	(80, '80', '275.00', 962500.00, 1003750.00, 1042250.00, 1003750.00, 1042250.00, 1097250.00, 2),
	(81, '81', '275.00', 962500.00, 1003750.00, 1042250.00, 1003750.00, 1042250.00, 1097250.00, 2),
	(82, '82', '275.00', 962500.00, 1003750.00, 1042250.00, 1003750.00, 1042250.00, 1097250.00, 2),
	(83, '83', '275.00', 962500.00, 1003750.00, 1042250.00, 1003750.00, 1042250.00, 1097250.00, 2),
	(84, '84', '275.00', 962570.00, 1003823.00, 1042325.81, 1003823.00, 1042325.81, 1097329.75, 2),
	(85, '85', '275.00', 962500.00, 1003750.00, 1042250.00, 1003750.00, 1042250.00, 1097250.00, 2),
	(86, '86', '275.00', 962500.00, 1003750.00, 1042250.00, 1003750.00, 1042250.00, 1097250.00, 2),
	(87, '87', '275.00', 962500.00, 1003750.00, 1042250.00, 1003750.00, 1042250.00, 1097250.00, 2),
	(88, '88', '275.00', 962500.00, 1003750.00, 1042250.00, 1003750.00, 1042250.00, 1097250.00, 2),
	(89, '89', '275.00', 962500.00, 1003750.00, 1042250.00, 1003750.00, 1042250.00, 1097250.00, 2),
	(90, '90', '275.00', 962500.00, 1003750.00, 1042250.00, 1003750.00, 1042250.00, 1097250.00, 2),
	(91, '91', '275.00', 962500.00, 1003750.00, 1042250.00, 1003750.00, 1042250.00, 1097250.00, 2),
	(92, '92', '275.00', 962500.00, 1003750.00, 1042250.00, 1003750.00, 1042250.00, 1097250.00, 1),
	(93, '93', '275.00', 962500.00, 1003750.00, 1042250.00, 1003750.00, 1042250.00, 1097250.00, 1),
	(94, '94', '275.00', 962500.00, 1003750.00, 1042250.00, 1003750.00, 1042250.00, 1097250.00, 1),
	(95, '95', '275.00', 962500.00, 1003750.00, 1042250.00, 1003750.00, 1042250.00, 1097250.00, 1),
	(96, '96', '275.00', 962500.00, 1003750.00, 1042250.00, 1003750.00, 1042250.00, 1097250.00, 1),
	(97, '97', '275.00', 962500.00, 1003750.00, 1042250.00, 1003750.00, 1042250.00, 1097250.00, 1),
	(98, '98', '275.00', 962500.00, 1003750.00, 1042250.00, 1003750.00, 1042250.00, 1097250.00, 1),
	(99, '99', '264.25', 924875.00, 964512.50, 1001507.50, 964512.50, 1001507.50, 1054357.50, 1);
/*!40000 ALTER TABLE `lots_table` ENABLE KEYS */;